A  4  0 -2 -1 -2  0 -2 -1 -1 -1 -1 -2 -1 -1 -1  1  0  0 -3 -2  0
R  0  5 -2 -1 -2  1  0 -2  0 -2 -2 -3 -2 -1 -3 -1 -1 -1 -3 -2 -3
N -2 -2  6  1 -3  0  0 -2 -1 -3 -3  1 -1  0 -2  0 -1 -3 -1 -2
D -1 -1  1  6 -3 -1 -1 -1 -1 -3 -4 -1 -2 -2 -1 -1 -1 -4 -2 -3
C -2 -2 -3 -3  9 -3 -4 -3 -3 -1 -1 -3 -1 -2 -3 -1 -1 -2 -2 -1
Q  0  1  0 -1 -3  5  2 -2  0 -2 -2 -1 -2 -1 -2 -1  0 -2 -1 -2
E -2  0  0 -1 -4  2  5 -2  0 -2 -2 -1 -2 -1 -2 -1  0 -3 -1 -2
G  0 -2 -2 -1 -3 -2 -2  6 -2 -4 -4 -2 -3 -3 -2 -2 -2 -2 -3 -2
H -1  0 -1 -1 -3  0 -1 -2  8 -1 -2 -1 -2 -1 -2 -1  0 -3 -2 -2
I -1 -2 -3 -3 -1 -2 -2 -4 -1  4  1 -3 -3 -2 -3 -2 -1 -3 -3 -1
L -1 -2 -3 -4 -1 -2 -2 -4 -2  1  4 -2 -3 -1 -3 -2 -1 -1 -2 -1
K -1 -3  1 -1 -3 -1 -1 -2 -1 -3 -2  5 -1  0 -1 -1 -1 -3 -1 -1
M -2 -2 -1 -2 -3 -2 -2 -3 -2 -3 -3 -1  5 -1 -1 -1 -1 -1 -1 -1
F -1 -1 -2 -2 -1 -1 -1 -3 -1 -3 -2 -1 -1  6 -1 -1 -1 -4 -2 -2
P -1 -3 -2 -2 -2 -2 -2 -2 -1 -3 -3 -1 -1 -1  7 -1 -1 -4 -3 -2
S  1 -1  0 -1 -3 -1 -1 -2 -1 -2 -2 -1 -1 -1 -1  4  1 -2 -2 -2
T  0 -1 -1 -1 -3 -1 -1 -2 -1 -1 -1 -1 -1 -1 -1  1  5 -2 -2 -2
V  0 -1 -3 -4 -2 -2 -3 -2 -3 -1  1 -3 -2 -2 -3 -2  0  4 -2 -1
W -3 -3 -1 -2 -1 -2 -1 -3 -3 -3 -1 -3 -3 -4 -4 -2 -2 -2 11  2
Y -2 -2 -3 -3  1 -1 -2 -1 -2 -1 -1 -1 -2 -2 -2 -2 -2 -1  2  7
V  0 -3 -2 -3 -1 -2 -2 -2 -2 -1 -1 -1 -1 -1 -1 -2 -2 -1 -1 -1
B  0 -1 -1 -1 -4 -1 -1 -2 -2 -1 -1 -1 -4 -4 -4 -1 -1 -4 -3 -3
Z -4 -4 -4 -4 -4 -4 -4 -4 -1 -4 -4 -4 -4 -4 -4 -4 -4 -1 -1 -4
X -4 -4 -4 -4 -4 -4 -4 -4 -4 -4 -4 -4 -4 -4 -4 -4 -4 -4 -4 -4